================================================================================================
UNit numbers:

Land
1) 
1,000,000,000
U: 1,000,000,000
A: 1,000,000,000
D: 1,000,000,000
S: 0

2)
100,000,000
U: 500,000,000
A: 500,000,000
D: 500,000,000
S: 10,000,000

3) 
100,000
U: 50,000,000
A: 1,000,000
D: 100,000,000
S: 500,000,000

4) 
10,000
U: 10,000,000
A: 500,000,000
D: 10,000,000
S: 10,000,000


5) 
100
U: 1,000,000
A: 100,000,000
D: 100,000,000
S: 100,000,000

6)
10
U: 500,000
A: 100,000,000
D: 10,000,000
S: 1,000,000


Navy
1) 
100,000,000
U: 1,000,000,000
A: 1,000,000,000
D: 1,000,000,000
S: 0

2)
100,000
U: 500,000,000
A: 800,000,000
D: 100,000,000
S: 200,000,000

3) 
10,000
U: 400,000,000
A: 100,000,000
D: 1,000,000,000
S: 10,000,000

4) 
100
U: 100,000,000
A: 100,000,000
D: 100,000,000
S: 300,000,000

5) 
10
U: 50,000,000
A: 100,000,000
D: 200,000,000
S: 50,000,000

6)
1
U: 25,000,000
A: 100,000,000
D: 80,000,000
S: 50,000,000

Air Force
1) 
100,000
U: 1,000,000,000
A: 1,000,000,000
D: 1,000,000,000
S: 0

2)
10,000
U: 500,000,000
A: 1,000,000,000
D: 100,000,000
S: 10,000,000

3) 
1,000
U: 200,000,000
A: 100,000,000
D: 300,000,000
S: 300,000,000

4) 
100
U: 100,000,000
A: 50,000,000
D: 200,000,000
S: 200,000,000


5) 
10
U: 50,000,000
A: 100,000,000
D: 1,000,000
S: 200,000,000

6)
1
U: 10,000,000
A: 10,000,000
D: 100,000,000
S: 1,000,000
